Entrez Gene ID
181727
181492
176552
181736
185079
183860
173404
177654
181706
185044
180780
176121
178190
176005
176785
174472
172542
176022
174762
176695
172889
181719
179898
179424
173468
173510
186047
176773
180783
178989
171691
181019
191609
180080
178405
180446
175247
175605
180718
172673
180956
174838
176879
174590
181405
179922
176921
190777
3565022
171735
178561
175716
172195
179025
179541
180049
179432
180344
176217
174734
172954
182030
176330
180982
181423
177345
172054
172917
179948
181481
175018
188726
180821
173764
173427
182280
176368
182438
181537
174637
174427
174428
182926
180804
177708
175836
175180
175179
183168
3565046
172966
183228
178230
183399
177367
174789
177858
172321
175898
180769
181215
174713
172832
176707
178184
174318
174330
175819
176928
172353
176260
174624
171784
175559
174265
178272
175811
180671
3565545
176096
181530
172814
182749
173963
183078
183126
183129
177786
179499
183917
177262
179331
175926
176828
176402
185704
186068
173558
179849
176945
177772
186593
172933
176838
174683
187596
173140
173237
180262
189761
171792
189814
189875
174915
171919
173061
173005
190220
171874
177036
176648
190713
172616
181790
176434
179666
186607
180401
172593
3565921
172303
175707
176126
176546
178238
184216
175729
179572
259335
171986
3565393
174634
259368
177391
180708
180853
180079
174155
176770
176466
176104
176895
178894
172582
177243
175853
181462
185653
180236
173425
172510
172513
174387
176829
184883
181263
177908
177770
172981
176869
174577
175410
191014
180431
175781
175054
181584
175237
187612
180889
3565075
176138
189237
190351
178476
189684
189289
174934
173954
190025
175087
179574
174068
179741
177676
174782
177875
180121
179945
178387
173128
172231
187266
183813
178564
182037
183134
178247
186056
178245
171797
175492
3565236
174994
259546
180398
180175
177242
13183021
175072
174476
179796
175975
179707
176992
174121
179412
171751
176094
178537
179461
266853
175138
174478
179779
190775
177787
178532
177320
176993
174314
184599
176679
178602
176868
172174
173325
180927
180702
173069
186604
178020
176285
177674
175767
175766
175764
184367
184407
172478
172752
184523
184528
178181
174019
184826
184916
172525
259393
3565338
172111
177549
185238
174229
172692
177145
174702
185645
181214
176769
174992
177752
178381
178383
3565591
6418597
172376
177386
177819
179100
266822
189476
185954
190489
173525
177340
177958
181348
266859
178237
172051
191644
178130
178402
180951
175195
177358
176286
172505
179546
179075
173759
172645
179219
179319
180527
181442
179731
181424
3565504
180601
173227
176843
176827
171687
178725
187537
186700
173134
177560
174333
190374
178201
179341
181057
181499
177157
176052
186781
188415
180695
176506
3565786
177101
173078
177778
179286
179287
179288
174203
178873
172099
171939
177660
177775
172655
181699
187585
176755
180393
176373
174322
181182
189055
172584
184720
173001
177936
172600
191689
191688
172488
178101
191694
174305
177609
177546
175080
177460
186841
177624
187128
176814
173397
173349
178892
187337
174161
175404
177557
184000
191275
180883
189370
172499
179161
191701
188761
178686
181292
175058
174462
172167
178970
172088
172153
178120
175934
179854
174050
172893
181337
181662
174058
172626
178001
266860
178788
174267
171739
191704
179046
172687
172037
179477
181297
177988
184622
178087
173944
187451
177113
173073
174181
178089
179794
3565400
181681
179041
175936
180942
175817
173960
174963
171872
175634
179163
178074
181362
175096
176183
260040
174752
179475
3565990
3565660
260162
260100
3565575
177238
185682
176050
174623
171879
175545
174657
177736
181587
186840
176495
176903
172204
175001
172164
174422
189618
172957
184770
179721
184267
174207
179899
175490
175863
175184
187898
176429
172442
180407
184953
175582
172939
188912
174225
187340
181102
182565
172460
181432
185603
172839
191726
177551
174242
3565648
184647
180884
173437
171901
179095
172611
174823
180752
179503
191128
175153
176614
181174
176048
176049
174696
172363
178404
176001
178735
172438
188314
179098
179806
181403
177235
191737
181715
177141
180585
179631
172920
181473
178113
172950
172127
175504
175175
176848
173334
246008
174313
172556
178981
180475
172035
180919
173025
180808
171746
177461
180357
171768
174034
176991
266823
176833
172327
176784
179224
266858
175573
174392
173362
175708
179616
178415
180862
180757
177932
187837
172011
174554
266836
172755
174834
177895
174726
178084
175433
175659
175788
175522
178295
176207
176327
180721
179427
179958
179725
172943
176525
175532
175525
174238
175660
177491
171853
174311
171692
172201
175796
175501
172921
173235
172074
171602
177203
176071
173744
175972
175628
172061
178083
175786
176006
172693
179998
173309
175338
178188
173342
175879
178012
173260
177503
179641
176554
173013
174862
172778
181370
178446
177355
179592
175218
180366
176512
179054
186053
191309
183342
183345
173763
187152
175599
181055
181716
175322
171593
187813
175662
178463
174045
181371
177196
181697
3565745
176805
190339
176471
177924
177343
172775
172773
180148
186633
176849
172418
179243
172783
179193
176233
174141
177929
172137
171915
176857
171681
180722
175172
189783
173389
190663
188048
189964
188136
189965
181255
182490
173459
188077
176864
177339
188527
179551
176023
172857
177968
176772
173863
176780
176566
175693
177202
174790
181574
176297
177943
174680
176568
175519
180784
176054
174150
174436
177515
173041
172302
177906
172676
172209
173436
266847
176825
178619
178118
181863
173856
192059
173327
186958
176312
180313
181357
174312
175398
177073
179039
259626
174289
175772
175248
3565860
171778
4927009
179497
178331
181365
175704
180990
172497
178284
178233
176257
176155
175126
178640
178845
179033
172782
181110
173794
180579
174743
181321
181034
180781
180630
175913
171654
175672
176221
179520
178944
174004
189167
189168
176635
172518
175474
175681
172896
171647
176705
178791
189848
259544
3565323
189958
189968
176544
171622
173332
175017
176922
176622
190326
171646
3565081
190615
176951
177237
178827
171670
176237
174151
176088
178096
179257
